# ID	RA	Decl	I	V	V_I	pr_pl	P	tc	mstar	rstar	logg	teff	feh	distance	rp	mp	a	ideg	teq	delta	tau	t14	b	T0	ID_OGLE_II	ID_OGLE_III	ID_OGLE_IV
OGLE-TR-1001	03:25:47.55	-29:23:41.9	13.923	14.815	0.891999	1	2.1093182924	5378.1832438945	2.2375	1.8618	4.248	8950.05	0.45	1817.9	1.664	149.474	0.042977	81.573	2840.61	0.008437	0.0186818	0.11186	0.727	6782.989226602	-99.99	BLG194.6.8	BLG501.32.33777
OGLE-TR-1002	03:27:49.20	-29:18:01.1	15.419	17.021	1.602	0.93	13.1978978134	5379.7865603208	1.2841	1.4012	4.254	6026.18	0.47	1605.18	1.602	0.4094	0.11881	87.381	997.929	0.013803	0.0523589	0.17181	0.833	6264.0457138191	-99.99	BLG194.6.55165	BLG501.32.25056
OGLE-TR-1003	03:35:41.55	-29:23:19.4	15.382	16.872	1.49	1	2.7762209303	5379.3415661585	0.8827	1.0021	4.382	5542.99	-0.1	1034.36	0.533	0.0851	0.037084	87.672	1389.45	0.002992	0.0064716	0.11188	0.323	7128.3607522682	-99.99	BLG194.6.11411	BLG501.31.56128
OGLE-TR-1004	03:35:50.25	-30:15:01.4	14.168	15.348	1.18	1	10.1868864941	5379.8434851766	1.9596	1.9559	4.148	7716.39	0.27	1682.25	1.534	135.937	0.117571	86.679	1517.65	0.006492	0.0308928	0.19587	0.749	6826.3813673402	-99.99	BLG100.8.57401	BLG501.06.104268
OGLE-TR-1005	03:37:10.50	-29:54:23.9	14.824	15.931	1.107	1	4.565982023	5380.5474244808	0.9488	1.9023	3.857	7745.7	-4.2	2335.64	1.531	0.3964	0.052935	85.101	2239.08	0.006844	0.0237498	0.23372	0.511	6773.1719415081	BUL_SC5.258105	BLG100.6.92588	BLG501.14.93219
OGLE-TR-1006	03:39:36.00	-29:22:06.8	14.902	16.64	1.738	0.99	1.8081990748	5377.0090895919	1.6582	2.1112	4.009	5735.07	0.53	1568.09	1.103	55.9666	0.034746	75.509	2155.7	0.002885	0.0201265	0.09638	0.886	6854.3077336936	-99.99	BLG194.6.41837	BLG501.31.30472
OGLE-TR-1007	03:41:53.40	-30:11:59.7	12.855	13.626	0.771001	1	3.5659261399	5379.2037937203	1.6483	3.0426	3.689	6756.05	-3.65	1752.73	3.1	301.541	0.056933	77.533	2381.59	0.010959	0.0677324	0.1982	0.869	6566.6571982987	-99.99	BLG100.8.109395	BLG501.06.29427
OGLE-TR-1008	03:42:05.40	-29:40:49.1	15.056	16.583	1.527	1	63.219528709	5416.5900678518	0.9999	2.102	3.793	5436.59	-3.05	1805.62	1.425	124.516	0.322411	88.585	669.382	0.004852	0.074413	0.42316	0.815	6744.2001707414	BUL_SC5.407414	BLG194.8.26875	BLG501.23.14645
OGLE-TR-1009	03:44:10.50	-29:40:49.1	14.155	15.146	0.991	1	29.5490595545	5398.1758658504	3.915	2.1168	4.379	21299.2	-3.62	2947.18	2.151	0.414	0.294818	89.911	2752.08	0.0109	0.0328439	0.34663	0.046	6609.687307585	-99.99	BLG194.8.31608	BLG501.22.131144
OGLE-TR-1010	03:52:43.20	-29:55:45.2	14.519	15.718	1.199	1	2.2063889326	5377.4248419902	0.8287	1.894	3.802	6733.12	-4.48	1811.12	1.595	0.4068	0.031159	80.388	2531.3	0.00749	0.0222693	0.18579	0.591	6626.2409778484	-99.99	BLG100.3.67056	BLG501.13.26254
OGLE-TR-1011	03:58:18.30	-30:01:15.7	15.463	17.08	1.617	0.99	16.8541881648	5389.1754262964	1.816	2.1514	4.032	5005.69	0.25	1997.81	1.696	152.398	0.161039	88.156	882.248	0.006564	0.0316819	0.31661	0.518	6602.6769741592	-99.99	BLG100.2.206481	BLG501.12.107779
OGLE-TR-1012	04:03:31.20	-29:14:41.8	15.365	16.549	1.184	1	3.5765355137	5379.8150597112	2.0533	2.2262	4.055	8178.51	0.21	3120.13	1.416	123.715	0.059269	83.335	2416.98	0.004271	0.0177149	0.16733	0.664	6384.821539056	-99.99	BLG194.4.30445	BLG501.29.32884
OGLE-TR-1013	04:06:51.75	-29:53:02.5	15.031	16.035	1.004	0.99	23.8938911724	5390.1758481488	2.2974	1.4919	4.452	12408.9	-0.67	2663.78	1.042	28.5123	0.215069	89.293	1575.99	0.005155	0.0190856	0.24573	0.382	6847.7032096675	BUL_SC37.253145	BLG101.7.140155	BLG501.11.202912
OGLE-TR-1014	04:07:16.20	-29:25:30.7	14.28	15.423	1.143	0.98	12.0665112604	5379.9702343503	0.9856	2.0412	3.812	5394.31	-0.26	1091.71	0.937	37.6053	0.103691	88.006	1154.1	0.002223	0.0180048	0.34375	0.38	7069.281810801	-99.99	BLG195.8.171827	BLG501.28.97505
OGLE-TR-1015	04:08:13.95	-30:03:59.9	15.432	16.491	1.059	1	16.4706499783	5377.3127577486	0.917	2.1971	3.717	5230.12	-0.38	2451.23	1.055	49.2485	0.125151	89.627	1056.7	0.002435	0.0212578	0.4484	0.08	6382.0224064267	BUL_SC37.391137	BLG101.8.76984	BLG501.11.120392
OGLE-TR-1016	04:11:45.45	-29:53:32.2	15.122	16.191	1.069	0.88	3.9180820647	5377.4504056759	1.3526	1.8508	4.034	5961.41	0.25	2438.07	0.934	38.2073	0.054269	82.161	1678.76	0.00269	0.0206717	0.12114	0.86	6215.9199675149	BUL_SC37.420119	BLG101.7.157333	BLG501.11.93960
OGLE-TR-1017	04:15:57.75	-30:06:36.0	15.172	16.462	1.29	1	8.2930909945	5378.3130040984	2.1176	1.9889	4.167	9058.23	0.11	2715.41	2.221	206.153	0.106062	85.782	1891.47	0.013165	0.053131	0.16837	0.843	6804.7246551504	-99.99	BLG101.8.34263	BLG501.10.179204
OGLE-TR-1018	04:37:10.05	-30:04:39.9	15.38	16.568	1.188	1	3.79521669	5376.7024609442	1.192	1.5794	4.117	6317.77	-0.21	1705.81	1.038	36.5702	0.050975	85.801	1695.77	0.004563	0.0138114	0.16437	0.508	6655.6904854742	-99.99	BLG101.1.113581	BLG501.08.169704
OGLE-TR-1019	04:38:51.75	-27:43:17.3	15.306	17.194	1.888	0.92	23.0717618892	5377.6655206583	0.8074	1.3962	4.055	6903.18	-4.47	1269.33	1.979	0.4126	0.147714	89.678	1023.39	0.021208	0.047455	0.36766	0.128	6485.1100913398	-99.99	-99.99	BLG504.25.67652
OGLE-TR-1020	04:45:19.20	-29:27:10.0	15.348	17.03	1.682	1	37.7873503289	5388.5940681999	0.306	0.8319	4.084	3755.13	0.16	394.314	1.11	0.247	0.148542	89.771	428.53	0.018787	0.0434782	0.35303	0.153	5842.0422721463	BUL_SC4.731414	BLG102.6.66766	BLG505.16.5602
OGLE-TR-1021	04:49:27.30	-27:37:51.7	14.68	15.917	1.237	0.98	50.2399637299	5394.4031696888	1.5317	1.4645	4.292	7201.7	0.08	1619.6	2.222	0.4088	0.307184	89.206	758.248	0.02431	0.071831	0.3448	0.625	6801.1221541278	-99.99	-99.99	BLG504.32.38434
OGLE-TR-1022	04:49:28.05	-27:52:33.5	14.119	15.414	1.295	0.99	8.1028270983	5383.7009708141	0.9186	2.7675	3.517	6521.3	-4.16	1975.96	1.637	146.218	0.080453	83.576	1844.32	0.003696	0.0356783	0.33205	0.699	6834.1070214151	-99.99	-99.99	BLG504.24.85599
OGLE-TR-1023	04:49:39.45	-28:22:08.5	15.22	16.799	1.579	1	6.5982678189	5378.3456576681	1.395	1.3814	4.302	6378	0.46	1464.93	1.694	0.4128	0.076934	86.034	1303.22	0.015874	0.0425661	0.13419	0.828	6665.0078823618	-99.99	-99.99	BLG504.07.136221
OGLE-TR-1024	04:52:10.95	-27:26:23.4	15.145	16.774	1.629	0.94	1.4272806196	5377.3473614808	1.6382	1.997	4.052	5240.06	0	1619.42	1.002	56.3753	0.029562	80.717	2076.76	0.002659	0.0090407	0.13467	0.514	6731.8366695014	-99.99	-99.99	BLG504.32.32802
OGLE-TR-1025	04:55:20.70	-27:29:06.8	14.727	16.192	1.465	0.84	6.949853857	5377.9973418922	0.4252	2.8232	3.165	4945.47	-3.75	1974.79	1.071	43.0003	0.055265	79.468	1704.45	0.001519	0.0331046	0.37502	0.769	6913.9150442798	-99.99	-99.99	BLG504.32.10426
OGLE-TR-1026	04:55:45.15	-27:55:57.9	14.528	15.635	1.107	0.97	4.1195678569	5376.9341357206	0.9299	2.7554	3.526	6499.75	-3.01	1868.99	1.241	0.8152	0.049102	87.909	2347.89	0.002143	0.0165726	0.35957	0.14	7082.4352284921	-99.99	-99.99	BLG504.24.3792
OGLE-TR-1027	04:57:24.45	-29:11:39.3	14.785	16.199	1.414	0.82	2.6247957515	5261.4112345888	2.6289	3.585	3.749	5357.67	0.32	3136.67	1.865	169.555	0.052429	72.654	2136.33	0.002857	0.0490332	0.13427	0.938	6623.680229641	-99.99	-99.99	BLG505.23.138085
OGLE-TR-1028	04:59:09.90	-29:17:03.8	13.753	15.111	1.358	0.9	0.74714083	5376.758135349	0.9888	2.4658	3.649	4888.54	-0.03	1236.18	1.849	168.117	0.016879	50.971	2849.21	0.005936	0.0595005	0.119	0.927	6831.441331421	BUL_SC39.775073	BLG102.5.104759	BLG505.14.206335
OGLE-TR-1029	05:00:07.35	-28:49:24.8	15.194	16.4	1.206	1	2.5308886107	5261.7532353061	1.1171	1.0036	4.483	5884.61	0.26	1198.72	1.072	51.9985	0.038262	88.522	1453.31	0.012048	0.0111229	0.10741	0.211	6848.6203941968	-99.99	BLG205.6.72835	BLG505.31.111010
OGLE-TR-1030	05:01:18.30	-27:56:09.0	15.276	16.945	1.669	0.99	18.1874812627	5388.3533477248	1.564	2.2541	3.926	5803.47	0.5	2046.27	2.213	205.786	0.163426	87.273	1039.32	0.010178	0.0568141	0.30255	0.742	6625.1020735875	-99.99	-99.99	BLG504.23.90700
OGLE-TR-1031	05:02:55.05	-27:40:02.7	14.337	15.605	1.268	1	2.4201426845	5376.7440479966	1.0942	1.9693	3.889	5374.7	0.07	1358.69	0.989	65.7272	0.037034	85.739	1889.9	0.002662	0.0106362	0.19457	0.3	6402.8845462305	-99.99	-99.99	BLG504.31.16618
OGLE-TR-1032	05:04:14.40	-28:24:39.9	15.242	16.913	1.671	1	14.1654492757	5383.9708827678	1.3929	1.6766	4.133	5792.74	0.56	1605.3	2.203	0.414	0.127968	89.978	1011.07	0.01823	0.0371641	0.31207	0.006	7197.1483900533	-99.99	BLG214.7.113	BLG504.06.89625
OGLE-TR-1033	05:05:36.30	-29:10:17.1	15.296	16.933	1.637	1	17.9092053737	5381.5553728053	1.286	2.0278	3.933	7005.65	-0.63	2092.88	1.65	0.414	0.145696	88.546	1260.28	0.006992	0.0336327	0.37314	0.392	6903.8378295726	-99.99	BLG205.8.16767	BLG505.23.4234
OGLE-TR-1034	05:09:46.50	-27:36:45.3	15.194	16.986	1.792	0.98	5.404768409	5377.5249349042	0.764	1.4828	3.979	6440.55	-4.48	1436.49	2.116	0.4128	0.05511	84.61	1610.92	0.021512	0.0500181	0.18777	0.751	6626.0264373943	-99.99	-99.99	BLG504.30.63622
OGLE-TR-1035	05:10:42.60	-28:19:34.9	13.646	14.566	0.92	0.98	55.2742302707	5379.1730765267	1.6261	1.5249	4.283	7398.45	0.18	1211.31	1.731	0.414	0.333967	88.978	762.328	0.013611	0.0864273	0.27491	0.84	7369.0453662728	-99.99	BLG214.7.134311	BLG504.05.165839
OGLE-TR-1036	05:11:49.35	-28:37:15.7	14.029	14.911	0.882	0.92	0.9394209706	5261.0390251796	0.759	1.2945	4.094	6758.82	-4.31	1129.83	1.649	0.4118	0.017126	71.703	2833.54	0.017127	0.0388342	0.07767	0.893	6771.6279458478	-99.99	BLG205.5.185573	BLG505.30.151683
OGLE-TR-1037	05:15:02.55	-28:20:07.3	14.706	15.982	1.276	0.86	6.5358155542	5381.589304884	1.7404	2.5083	3.88	6322.09	0.36	2385.25	0.99	41.2834	0.082907	84.397	1676.84	0.001645	0.0166792	0.2285	0.694	7041.6864556405	-99.99	BLG214.7.149338	BLG504.05.105349
OGLE-TR-1038	05:18:13.80	-27:29:09.3	13.63	14.904	1.274	1	3.769830085	5379.1641706848	0.2769	2.5289	3.074	4680.5	-3.74	1172.22	1.757	158.422	0.035727	83.235	1898.87	0.0051	0.0320099	0.40962	0.358	6069.0430762395	-99.99	-99.99	BLG504.29.128046
OGLE-TR-1039	05:19:45.75	-29:49:41.8	14.9	16.115	1.215	0.94	9.1581766025	5380.9320657286	1.5328	2.4537	3.844	6398.11	-0.11	2478.41	1.417	124.091	0.101254	84.448	1518.75	0.00352	0.0390287	0.20501	0.858	6983.6129711661	-99.99	BLG103.4.214659	BLG505.04.177094
OGLE-TR-1040	05:20:15.60	-28:49:13.1	15.394	16.719	1.325	1	19.4970578164	5277.9159570029	1.0468	0.9847	4.471	5491.53	0.48	1744.8	1.046	60.5465	0.146548	89.142	686.419	0.01192	0.0241918	0.19405	0.479	6818.1835245001	-99.99	BLG205.3.79649	BLG505.29.182284
OGLE-TR-1041	05:21:54.15	-29:30:00.4	14.996	16.394	1.398	1	3.0470705322	5377.2420136887	1.169	1.2372	4.321	8378	-1.55	1418.14	1.131	5.7633	0.043398	89.458	2157.04	0.008825	0.0122188	0.14087	0.071	6608.2585087167	-99.99	BLG102.3.50880	BLG505.12.110231
OGLE-TR-1042	05:22:28.20	-28:42:17.1	15.492	17.101	1.609	1	7.675598936	5267.8514485415	0.9254	1.5654	4.015	6006.05	-0.49	1385.37	1.686	0.414	0.074218	89.426	1330.08	0.01225	0.0267946	0.26558	0.102	6849.0248293593	-99.99	BLG205.4.9527	BLG505.29.149215
OGLE-TR-1043	05:26:05.55	-27:58:28.5	15.359	17.073	1.714	0.98	2.1965755598	5378.0690023685	1.1793	1.746	4.026	5701.96	0.47	1573.36	1.01	40.6743	0.035318	77.768	1933.24	0.003532	0.0276042	0.08618	0.922	5373.6758512487	-99.99	-99.99	BLG504.21.32
OGLE-TR-1044	05:28:44.70	-27:48:40.8	13.836	14.852	1.016	1	5.1944361652	5380.3008623486	1.1807	1.0429	4.474	5667.92	0.55	804.121	2.072	0.414	0.062047	89.573	1120.5	0.04167	0.0265904	0.15537	0.095	6408.799223063	-99.99	-99.99	BLG504.20.173413
OGLE-TR-1045	05:28:52.80	-29:13:04.2	14.73	15.75	1.02	1	2.1355651824	5262.4669693247	0.7792	1.2922	4.107	7054.85	-4.35	1851.88	2.161	0.3935	0.029869	89.779	2237.55	0.029544	0.0240076	0.16177	0.019	6071.8461734527	BUL_SC34.93527	BLG104.5.130562	BLG505.20.175158
OGLE-TR-1046	05:29:12.60	-27:36:50.5	15.245	16.751	1.506	0.96	10.6197867031	5381.1550471955	0.9632	1.5463	4.043	5410.21	-0.05	1352.14	1.78	0.414	0.093392	89.576	1061.54	0.013988	0.0310209	0.29035	0.096	7292.7166537479	-99.99	-99.99	BLG504.28.167927
OGLE-TR-1047	05:31:31.20	-27:46:06.7	15.476	16.759	1.283	1	10.2950562004	5378.3791513159	1.0207	1.3957	4.157	5836.97	-3.39	1822.89	1.582	0.414	0.093262	89.079	1088.84	0.013561	0.0273739	0.24939	0.231	6953.5227499842	-99.99	BLG223.7.98920	BLG504.20.127450
OGLE-TR-1048	05:31:49.95	-29:27:32.2	15.431	16.736	1.305	1	5.247207937	5378.6882068305	0.7967	1.0672	4.283	5376.74	-3.14	1400.29	1.358	0.3775	0.054791	89.647	1144.27	0.017106	0.0199171	0.17108	0.068	6842.6592212585	BUL_SC34.285408	BLG104.6.14293	BLG505.11.123503
OGLE-TR-1049	05:34:16.65	-27:34:26.1	14.629	16.007	1.378	1	19.1582599943	5384.2842177101	0.6123	3.4868	3.14	5226.39	-2.68	2463.92	1.17	11.7535	0.11971	86.394	1360.15	0.001189	0.0324669	0.76714	0.464	6457.14677739	-99.99	BLG223.6.168511	BLG504.28.65202
OGLE-TR-1050	05:36:55.05	-29:49:32.0	15.269	16.204	0.935	0.97	1.6114674975	5377.8446956724	0.1151	0.9332	3.559	4561.78	-3.44	898.247	1.111	6.776	0.013327	73.658	1840.75	0.014975	0.0495862	0.12596	0.864	6686.3563036444	-99.99	BLG188.5.155014	BLG505.03.80
OGLE-TR-1051	05:37:53.25	-29:16:55.4	15.324	17.065	1.741	0.97	1.0213734695	5376.6775409766	0.9121	3.9849	3.197	4621.21	-0.15	2773.8	1.409	0.4991	0.019253	79.44	3205.93	0.00132	0.0517565	0.48746	0.19	6398.0510104476	BUL_SC34.562729	BLG104.5.36099	BLG505.11.42020
OGLE-TR-1052	05:38:17.55	-29:23:01.1	14.876	16.149	1.273	0.96	6.9216408254	5377.3446211182	0.8576	7.1672	2.661	5237.57	-2.97	6036.23	3.097	301.665	0.074372	66.122	2479.31	0.001971	0.117201	0.57263	0.903	6311.7661325512	BUL_SC34.535635	BLG104.6.158057	BLG505.11.20143
OGLE-TR-1053	05:38:31.20	-28:48:24.9	14.915	15.829	0.914001	1	3.65191122	5273.7364183548	1.5103	1.6705	4.171	7450.5	-0.28	2208.34	1.693	151.978	0.054901	82.865	1981.75	0.010849	0.0407689	0.1112	0.878	6840.4063317273	-99.99	BLG205.3.149290	BLG505.28.13408
OGLE-TR-1054	05:39:56.25	-27:22:32.0	15.066	16.22	1.154	0.98	8.5826670075	5378.5366336787	1.6573	3.5927	3.547	5763.68	-2.85	3468.16	1.903	173.356	0.100214	83.948	1664.09	0.002964	0.0325182	0.38775	0.632	6983.4953640765	-99.99	-99.99	BLG504.27.222403
OGLE-TR-1055	05:40:27.30	-29:11:27.7	14.919	16.8	1.881	0.95	2.1042324688	5503.952068469	0.9806	2.8825	3.51	5032.37	-0.52	1615.53	1.028	72.1909	0.032658	73.266	2279.81	0.001343	0.0155216	0.22324	0.701	6882.224335508	BUL_SC34.808988	BLG104.5.226533	BLG505.19.189760
OGLE-TR-1056	05:43:56.10	-28:53:03.8	14.913	16.686	1.773	0.94	7.7213269696	5262.1032450264	1.0962	2.5372	3.669	4613.07	0.56	1690.68	1.168	1.6673	0.078868	82.297	1261.69	0.00224	0.0406265	0.2015	0.896	6103.7278847112	-99.99	-99.99	BLG505.27.115614
OGLE-TR-1057	05:46:16.80	-28:29:51.9	15.245	17.114	1.869	1	5.8545418448	5378.9817873258	0.763	3.5828	3.212	5964.21	-3.62	4499.56	2.455	0.414	0.058101	88.895	2258.44	0.004956	0.0393662	0.58036	0.067	6374.2539009391	-99.99	BLG215.8.133920	BLG504.02.70296
OGLE-TR-1058	05:48:40.35	-27:44:55.6	14.806	16.222	1.416	0.94	17.4107261948	5382.0419120942	1.7172	2.8606	3.76	6235.77	0.24	2533.24	1.415	123.817	0.160962	87.23	1267.62	0.002583	0.0288208	0.40074	0.585	6757.4892814839	-99.99	BLG223.7.148038	BLG504.19.38476
OGLE-TR-1059	05:51:13.05	-28:01:37.4	15.412	16.726	1.314	0.97	7.2082401629	5377.8467072416	1.1459	1.5892	4.095	6052.19	-0.08	1551.78	1.232	3.8046	0.076501	88.616	1330.14	0.006346	0.018327	0.23327	0.25	6963.6595430886	-99.99	BLG215.5.125956	BLG504.09.205165
OGLE-TR-1060	05:51:48.00	-28:00:26.8	15.307	16.677	1.37	1	12.8317589403	5386.0130644366	1.5311	1.5659	4.234	6660.94	0.41	1936.59	1.848	0.4065	0.123641	89.446	1143.04	0.014708	0.0296328	0.26703	0.164	7015.6464498546	-99.99	BLG215.5.178340	BLG504.09.212265
OGLE-TR-1061	05:52:38.10	-27:23:20.3	14.119	14.767	0.648	1	2.6528604818	5376.6303799981	1.9642	1.8447	4.199	8165.76	0.21	2123.93	1.71	0.414	0.046972	88.826	2467.61	0.009079	0.0150433	0.1692	0.112	6779.9935748479	-99.99	BLG232.8.31369	BLG504.26.141626
OGLE-TR-1062	05:56:01.50	-28:05:53.7	15.152	16.495	1.343	1	16.527414685	5383.9073870676	1.0698	1.5824	4.069	5889.96	0.2	1752.47	1.078	57.5379	0.132055	89.569	983.16	0.004902	0.0207489	0.31137	0.135	6788.7376352954	-99.99	BLG215.5.85774	BLG504.09.85898
OGLE-TR-1063	05:57:50.55	-29:17:22.5	14.703	15.56	0.857	1	3.5835181351	5261.3901772955	1.5395	1.535	4.253	6998.01	0.07	1532.89	1.548	0.414	0.052922	87.18	1817.38	0.010734	0.017295	0.16099	0.365	6773.6348303263	BUL_SC21.215	BLG104.4.33183	BLG505.09.82929
OGLE-TR-1064	06:00:03.90	-29:15:02.6	15.472	16.582	1.11	0.99	0.6700141402	5286.4331685719	0.7464	1.97	3.722	5029.96	-1.42	2273.5	1.231	2.8292	0.013609	51.37	2918.15	0.004122	0.0382333	0.09949	0.927	6950.7482928359	BUL_SC21.15840	BLG104.4.106272	BLG505.09.37405
OGLE-TR-1065	06:04:27.30	-28:49:53.7	15.463	17.413	1.95	1	4.9671386127	5380.689835473	1.1148	1.9711	3.896	4377.57	0.17	1414.78	1.044	72.1294	0.060268	83.842	1207.2	0.002964	0.0187396	0.19005	0.705	6965.2070529256	BUL_SC21.353711	BLG206.3.90618	BLG512.16.71485
OGLE-TR-1066	06:06:05.10	-28:20:56.8	15.257	16.412	1.155	0.84	10.0330097644	5386.2027935167	1.0733	3.7593	3.319	4921.95	-0.21	4369.19	1.721	154.744	0.097304	88.141	1475.22	0.002214	0.0279031	0.59554	0.181	6529.9659066545	-99.99	BLG215.2.142590	BLG512.25.94231
OGLE-TR-1067	06:15:36.90	-29:09:54.7	14.744	16.651	1.907	0.94	2.5731721608	5376.7314795326	1.0459	5.8541	2.923	4522.51	0.3	2883.76	2.813	270.311	0.040148	50.733	2633.35	0.002439	0.11266	0.35504	0.933	6992.6835965295	BUL_SC30.23089	BLG105.5.211371	BLG512.07.57811
OGLE-TR-1068	06:17:56.10	-28:53:43.1	12.8	13.359	0.559	1	0.6858733797	5376.9437798248	1.617	2.2935	3.926	6706.51	-0.01	1486.43	1.733	155.804	0.018397	58.04	3610.87	0.006032	0.0340963	0.08777	0.913	7091.6272291611	BUL_SC30.271873	BLG206.2.273470	BLG512.15.18
OGLE-TR-1069	06:19:00.45	-28:25:46.1	15.339	16.611	1.272	1	10.6053566366	5383.6800871789	0.7696	2.4663	3.54	5995.73	-4.01	3029.91	3.025	0.4123	0.086585	89.794	1543.02	0.015891	0.0568945	0.50527	0.027	7101.7478623004	-99.99	BLG215.2.51610	BLG512.24.27253
OGLE-TR-1070	06:19:21.00	-28:30:28.0	15.4	16.324	0.924	0.81	1.7293837894	5380.2334673065	1.0602	1.1691	4.328	5681.24	0.17	1780.06	1.364	0.3793	0.028755	87.613	1746.82	0.014379	0.0130368	0.11523	0.22	7009.3129968746	-99.99	BLG215.1.170018	BLG512.24.12879
OGLE-TR-1071	06:19:25.35	-28:48:23.4	15.424	17.366	1.942	1	4.2670322314	5383.1378595224	1.4491	6.9648	2.913	4412.24	0.53	4932.3	4.359	444.312	0.063467	62.35	2228.81	0.004137	0.133751	0.44046	0.909	6987.5419785324	BUL_SC30.299284	BLG207.6.66715	BLG512.15.12912
OGLE-TR-1072	06:20:13.50	-28:26:24.4	15.112	16.169	1.057	1	1.6133903433	5377.4962396082	0.9331	1.1275	4.304	5828.59	-0.17	1413.15	0.987	69.4032	0.026916	84.626	1819.09	0.008094	0.0104825	0.09891	0.481	6915.0572367278	-99.99	BLG215.1.231578	BLG512.23.200958
OGLE-TR-1073	06:22:09.60	-28:25:28.0	15.283	17.176	1.893	1	6.9233145231	5380.855715395	1.1436	6.7031	2.844	4425.93	0.1	4295.72	3.258	319.24	0.080433	69.198	1948.31	0.002495	0.12117	0.47188	0.916	7125.5309752063	-99.99	BLG215.2.59737	BLG512.23.201052
OGLE-TR-1074	06:26:36.30	-28:00:52.9	15.167	16.364	1.197	0.92	0.7182063755	5376.8779986268	1.7265	2.3487	3.934	6414.38	0.28	3005.38	1.295	0.4511	0.01883	57.389	3454.39	0.00321	0.0275775	0.0809	0.929	6956.9320247755	-99.99	BLG216.5.199817	BLG512.31.97610
OGLE-TR-1075	06:26:58.05	-28:01:19.6	15.297	16.49	1.193	1	30.5556639369	5390.5416463614	0.7728	1.5322	3.955	6589.26	-4.26	2172.86	1.876	0.4134	0.175556	89.705	938.699	0.015838	0.0501366	0.44178	0.127	6887.7691792706	-99.99	BLG216.5.199843	BLG512.31.90527
OGLE-TR-1076	06:29:58.65	-28:46:32.9	15.057	16.128	1.071	1	5.7855333098	5380.232983157	0.6017	1.5542	3.834	5262.05	-3.38	1613.12	1.835	0.414	0.053259	89.86	1370.69	0.014714	0.0306042	0.28129	0.018	7029.109976464	BUL_SC31.60417	BLG207.6.168007	BLG512.14.20705
OGLE-TR-1077	06:30:29.70	-28:43:15.8	14.606	15.541	0.935	0.99	14.4083935332	5381.5249098642	1.3051	1.5039	4.199	6292.21	-0.03	1692.24	1.009	31.3592	0.127598	88.077	1041.64	0.004757	0.0220097	0.22051	0.612	6534.1963925166	-99.99	BLG207.5.31697	BLG512.13.200527
OGLE-TR-1078	06:34:08.10	-29:05:43.6	14.7	15.665	0.965	1	4.3297068458	5377.628527659	1.5064	1.9156	4.051	5212.79	-0.17	2001.07	1.59	0.414	0.059601	88.991	1425.04	0.007271	0.017891	0.22325	0.118	6957.9715263662	-99.99	BLG207.8.170019	BLG512.05.128353
OGLE-TR-1079	06:41:11.55	-28:48:25.6	15.351	17.201	1.85	1	13.4504193326	5381.4450384565	0.4873	3.5125	3.035	4077.91	-0.22	2438.6	2.077	191.578	0.096865	82.238	1184.12	0.003693	0.075039	0.50804	0.801	6847.5407457142	BUL_SC31.645622	BLG207.3.66683	BLG512.12.190769
OGLE-TR-1080	06:42:33.15	-28:21:44.1	14.871	16.122	1.251	1	4.7576935809	5377.9398427694	1.5862	2.0761	4.004	6254.88	0.46	2290.43	1.361	0.4026	0.064569	87.571	1710.29	0.004535	0.0160871	0.23417	0.283	6967.0094987894	-99.99	BLG216.2.127623	BLG512.21.216907
OGLE-TR-1081	06:48:30.00	-28:27:14.8	14.978	15.934	0.956	1	6.4069384637	5377.5166545035	1.1116	1.4135	4.183	5880.83	0.16	1858.27	1.077	25.8973	0.070448	87.002	1270.22	0.006136	0.0181165	0.17574	0.561	7107.3900397001	BUL_SC32.346529	BLG216.1.191792	BLG512.21.86484
OGLE-TR-1082	06:48:48.90	-28:45:00.7	15.398	17.377	1.979	1	3.4036312923	5379.0094358888	1.0257	3.1393	3.455	4641.81	0.58	2569.57	1.895	0.4114	0.044664	89.769	1876.54	0.003847	0.0232447	0.38407	0.012	7067.2105568657	BUL_SC32.280235	BLG207.3.222600	BLG512.12.87494
OGLE-TR-1083	06:48:50.40	-28:24:25.6	15.057	16.084	1.027	1	5.4100836436	5380.634905336	1.0743	1.0952	4.39	5569.3	0.33	1385.41	1.073	19.5408	0.062125	87.774	1127.57	0.010138	0.0162273	0.14053	0.474	6933.32891106	BUL_SC32.346868	BLG216.2.15662	BLG512.21.94254
OGLE-TR-1084	06:49:38.70	-28:24:45.1	14.141	14.969	0.828	0.94	39.797232538	5402.3135448578	1.3526	1.2898	4.348	6434.77	0.32	1369.73	1.57	0.414	0.252308	89.116	701.549	0.015653	0.0500697	0.27679	0.649	6715.6222186112	BUL_SC32.346477	BLG216.2.23714	BLG512.21.36052
OGLE-TR-1085	06:50:20.85	-28:12:40.2	15.362	17.017	1.655	1	3.6367602453	5377.8363497439	0.5381	1.9529	3.588	4934.76	-2.47	1660.55	0.968	34.6951	0.038401	77.998	1696.96	0.002597	0.0307757	0.16167	0.879	5603.3154849494	-99.99	BLG216.3.158956	BLG512.29.12795
OGLE-TR-1086	06:54:47.25	-28:47:04.6	15.324	16.785	1.461	0.94	6.7032026472	5383.0917956382	1.0477	3.4192	3.39	4981.53	-0.23	2588.21	2.853	274.696	0.076127	78.927	1609.85	0.007352	0.131414	0.26283	0.92	7152.7372945026	BUL_SC32.469470	BLG207.3.183289	BLG512.11.136795
OGLE-TR-1087	06:56:32.40	-28:07:56.2	15.148	16.438	1.29	1	4.2431614124	5378.3644621791	1.0356	2.5472	3.641	4798.61	0.49	2489.45	2.067	190.449	0.05477	80.075	1577.99	0.006951	0.0420303	0.2186	0.797	7020.4679287686	-99.99	BLG216.4.42508	BLG512.28.145532
OGLE-TR-1088	06:56:52.35	-28:05:03.0	14.438	15.373	0.935	1	5.0748847199	5378.0552706458	0.8662	0.9615	4.41	5474.82	-0.11	958.933	1.173	2.9319	0.055151	89.712	1102.29	0.015704	0.0164993	0.14736	0.062	6758.4239144474	-99.99	BLG216.4.115772	BLG512.28.94568
OGLE-TR-1089	07:01:52.65	-28:41:30.5	14.961	16.088	1.127	1	51.089989897	5384.6456752	1.2343	1.2694	4.322	5905.17	0.54	1435.9	1.675	0.4033	0.289073	89.464	596.706	0.018376	0.0508105	0.34516	0.458	6355.3554832423	BUL_SC2.149422	BLG208.5.69562	BLG512.11.34995
OGLE-TR-1090	07:03:40.80	-28:20:22.9	14.24	14.918	0.678	1	6.5551615839	5376.6466078386	1.2448	2.1129	3.883	6107.25	-0.17	2242.77	1.538	135.933	0.076215	85.338	1550.59	0.005594	0.0262197	0.23543	0.63	6897.4440952945	BUL_SC35.218195	BLG217.7.130269	BLG512.19.221612
OGLE-TR-1091	07:04:33.90	-28:24:30.5	15.249	17.054	1.805	0.99	55.7451934208	5427.435522933	0.1486	0.9922	3.617	3634.27	-1.16	630.931	1.127	19.1021	0.157226	88.755	440.227	0.013636	0.09236	0.43544	0.741	7211.2817123998	-99.99	BLG217.7.8416	BLG512.19.213607
OGLE-TR-1092	07:05:57.60	-28:48:50.7	15.294	16.873	1.579	1	3.6601220402	5380.1722793607	0.9209	2.6543	3.554	4804.85	-0.17	2206.12	1.111	21.5551	0.045555	77.249	1768.55	0.00185	0.024451	0.21202	0.815	6635.5941391634	BUL_SC2.331765	BLG208.6.88265	BLG512.10.125916
OGLE-TR-1093	07:11:39.75	-28:57:20.9	14.756	16.523	1.767	0.98	1.4751321372	5377.2004014789	1.5684	3.5416	3.535	5271.8	-0.12	2579.32	4.514	462.583	0.032005	57.503	2674.14	0.017156	0.0630588	0.12612	1.044	6666.4658893635	BUL_SC2.684748	BLG208.7.168851	BLG512.02.43820
OGLE-TR-1094	07:12:21.30	-28:00:44.0	15.497	17.402	1.905	1	13.2004320363	5388.3986001844	0.9998	1.6192	4.019	4969.26	0.42	1399.91	1.645	0.414	0.109318	89.235	922.195	0.010906	0.0308889	0.31501	0.194	7038.4526047208	-99.99	BLG217.5.211192	BLG512.27.51709
OGLE-TR-1095	07:13:22.35	-28:13:33.0	15.239	17.21	1.971	0.9	0.7848213757	5377.277806147	0.8143	1.8615	3.809	6188.05	-1.67	3227.6	1.048	17.943	0.015658	60.355	3253.53	0.003349	0.0222728	0.09177	0.895	6680.0812898846	BUL_SC35.621045	BLG217.6.103009	BLG512.26.168423
OGLE-TR-1096	07:16:51.15	-28:15:56.6	15.446	17.249	1.803	1	3.4377549645	5377.2232889775	0.9868	3.5434	3.333	4542.62	0.24	2818.77	2.443	0.412	0.044386	89.877	1957.16	0.005018	0.0309994	0.44739	0.006	7116.7273010244	BUL_SC36.26433	BLG217.6.47780	BLG512.26.108037
OGLE-TR-1097	07:18:50.25	-28:08:47.3	15.128	16.745	1.617	0.9	10.7566238798	5385.3245795607	0.8283	0.8414	4.506	4641.29	0.48	634.884	0.984	69.4203	0.091887	88.15	677.265	0.014446	0.027589	0.12036	0.758	7074.1145286886	BUL_SC36.286700	BLG217.6.244576	BLG512.26.73306
OGLE-TR-1098	07:22:20.85	-28:15:28.8	15.372	16.404	1.032	0.93	5.8808380227	5379.1199306548	1.1015	1.3684	4.208	5884.39	0.11	2201.31	1.932	0.414	0.065858	85.602	1293.41	0.021044	0.0461178	0.1499	0.794	6961.065358764	BUL_SC36.258166	BLG217.3.236	BLG512.26.4943
OGLE-TR-1099	07:24:14.70	-28:28:27.6	15.369	17.213	1.844	1	10.4617853678	5376.9349288014	1.029	7.0361	2.756	4418.27	-0.15	4694.17	3.425	338.017	0.103505	73.392	1756.6	0.002503	0.134436	0.58968	0.904	6653.2727436735	BUL_SC33.541055	BLG217.1.173222	BLG512.17.175335
